0.0000000002 -0.000000000000000113049890847502
0.0000000002 -0.000000000000000125542882092412
0.0000000002 -0.000000000000000139416423670983
0.0000000002 -0.000000000000000154823068311582
0.0000000002 -0.000000000000000171932224817599
0.0000000002 -0.000000000000000190932020312064
0.0000000002 -0.000000000000000212031368228570
0.0000000002 -0.000000000000000235462264495001
0.0000000002 -0.000000000000000261482337931677
0.0000000002 -0.000000000000000290377681325985
0.0000000002 -0.000000000000000322465996183799
0.0000000002 -0.000000000000000358100084184589
0.0000000002 -0.000000000000000397671724066379
0.0000000002 -0.000000000000000441615977353735
0.0000000002 -0.000000000000000490415968462807
0.0000000003 -0.000000000000000544608193495834
0.0000000003 -0.000000000000000604788414329443
0.0000000003 -0.000000000000000671618204275097
0.0000000003 -0.000000000000000745832214917907
0.0000000003 -0.000000000000000828246246876840
0.0000000003 -0.000000000000000919766209055054
0.0000000003 -0.000000000000001021398068824179
0.0000000003 -0.000000000000001134258898071080
0.0000000003 -0.000000000000001259589139373194
0.0000000004 -0.000000000000001398766224837116
0.0000000004 -0.000000000000001553319696641260
0.0000000004 -0.000000000000001724947995763330
0.0000000004 -0.000000000000001915537101824835
0.0000000004 -0.000000000000002127181227442278
0.0000000004 -0.000000000000002362205794625341
0.0000000004 -0.000000000000002623192942840738
0.0000000005 -0.000000000000002913009847109543
0.0000000005 -0.000000000000003234840157796069
0.0000000005 -0.000000000000003592218900581001
0.0000000005 -0.000000000000003989071221342531
0.0000000005 -0.000000000000004429755395135483
0.0000000005 -0.000000000000004919110569166357
0.0000000006 -0.000000000000005462509756856035
0.0000000006 -0.000000000000006065918662702297
0.0000000006 -0.000000000000006735960972347856
0.0000000006 -0.000000000000007479990819585367
0.0000000006 -0.000000000000008306173213101114
0.0000000007 -0.000000000000009223573297447096
0.0000000007 -0.000000000000010242255407602243
0.0000000007 -0.000000000000011373392993758240
0.0000000007 -0.000000000000012629390596601805
0.0000000008 -0.000000000000014024019189665776
0.0000000008 -0.000000000000015572566343952018
0.0000000008 -0.000000000000017292002825757079
0.0000000008 -0.000000000000019201167415714646
0.0000000009 -0.000000000000021320971923388618
0.0000000009 -0.000000000000023674628586051893
0.0000000009 -0.000000000000026287902279021503
0.0000000010 -0.000000000000029189390207775514
0.0000000010 -0.000000000000032410832056909813
0.0000000010 -0.000000000000035987453865903785
0.0000000011 -0.000000000000039958349258740901
0.0000000011 -0.000000000000044366902035265257
0.0000000012 -0.000000000000049261254539134545
0.0000000012 -0.000000000000054694826695896059
0.0000000012 -0.000000000000060726891107854295
0.0000000013 -0.000000000000067423210153164887
0.0000000013 -0.000000000000074856741647920639
0.0000000014 -0.000000000000083108420295036900
0.0000000014 -0.000000000000092268022885295690
0.0000000015 -0.000000000000102435125998433067
0.0000000015 -0.000000000000113720165848228591
0.0000000016 -0.000000000000126245610847673136
0.0000000016 -0.000000000000140147258527182480
0.0000000017 -0.000000000000155575669542280930
0.0000000018 -0.000000000000172697752753624684
0.0000000018 -0.000000000000191698516664082770
0.0000000019 -0.000000000000212783003929423321
0.0000000020 -0.000000000000236178427196357144
0.0000000020 -0.000000000000262136526157260155
0.0000000021 -0.000000000000290936167475346816
0.0000000022 -0.000000000000322886211089465694
0.0000000023 -0.000000000000358328668396209327
0.0000000023 -0.000000000000397642179871612265
0.0000000024 -0.000000000000441245841879621686
0.0000000025 -0.000000000000489603414642860051
0.0000000026 -0.000000000000543227945670784895
0.0000000027 -0.000000000000602686845279353682
0.0000000028 -0.000000000000668607453126496700
0.0000000029 -0.000000000000741683137001823832
0.0000000030 -0.000000000000822679967212753864
0.0000000031 -0.000000000000912444011875841126
0.0000000032 -0.000000000001011909300076689777
0.0000000033 -0.000000000001122106501074679626
0.0000000034 -0.000000000001244172368402618164
0.0000000036 -0.000000000001379359997634178520
0.0000000037 -0.000000000001529049945501785774
0.0000000038 -0.000000000001694762255797907657
0.0000000039 -0.000000000001878169433584332909
0.0000000041 -0.000000000002081110403526968515
0.0000000042 -0.000000000002305605479934811426
0.0000000044 -0.000000000002553872365072763191
0.0000000045 -0.000000000002828343177723699222
0.0000000047 -0.000000000003131682495164299786
0.0000000049 -0.000000000003466806367881539492
0.0000000050 -0.000000000003836902236577555906
0.0000000052 -0.000000000004245449644175062839
0.0000000054 -0.000000000004696241590594037070
0.0000000056 -0.000000000005193406323651382663
0.0000000058 -0.000000000005741429294270440290
0.0000000060 -0.000000000006345174926745521667
0.0000000062 -0.000000000007009907763746330040
0.0000000065 -0.000000000007741312439597388390
0.0000000067 -0.000000000008545511812896218546
0.0000000069 -0.000000000009429082449832788596
0.0000000072 -0.000000000010399066492077902285
0.0000000074 -0.000000000011462978768127694404
0.0000000077 -0.000000000012628807815793807889
0.0000000080 -0.000000000013905009278782792992
0.0000000083 -0.000000000015300489926674299916
0.0000000086 -0.000000000016824580332149044126
0.0000000089 -0.000000000018486994032279504097
0.0000000092 -0.000000000020297770816169157434
0.0000000095 -0.000000000022267201637609952024
0.0000000099 -0.000000000024405732572879715485
0.0000000102 -0.000000000026723845259425979107
0.0000000106 -0.000000000029231911396510264331
0.0000000110 -0.000000000031940019204576996915
0.0000000114 -0.000000000034857770270812665700
0.0000000118 -0.000000000037994046000874180230
0.0000000122 -0.000000000041356743994947329618
0.0000000127 -0.000000000044952486106738472781
0.0000000132 -0.000000000048786301746921504811
0.0000000137 -0.000000000052861292152841252365
0.0000000142 -0.000000000057178283822062633556
0.0000000147 -0.000000000061735482008289126169
0.0000000152 -0.000000000066528137954597774910
0.0000000158 -0.000000000071548246176283739893
0.0000000164 -0.000000000076784290323639843205
0.0000000170 -0.000000000082221057619698134648
0.0000000177 -0.000000000087839542216325512431
0.0000000183 -0.000000000093616956692205425277
0.0000000190 -0.000000000099526868041720113585
0.0000000198 -0.000000000105539469719227469885
0.0000000205 -0.000000000111621994646782045381
0.0000000213 -0.000000000117739265848768586396
0.0000000222 -0.000000000123854372095057923273
0.0000000230 -0.000000000129929446411721641443
0.0000000240 -0.000000000135926516525778325963
0.0000000249 -0.000000000141808389272874650827
0.0000000259 -0.000000000147539526640569764566
0.0000000269 -0.000000000153086870115169494831
0.0000000280 -0.000000000158420572629708148113
0.0000000292 -0.000000000163514603501600165549
0.0000000304 -0.000000000168347200677039529531
0.0000000316 -0.000000000172901155386613871971
0.0000000329 -0.000000000177163925777998931141
0.0000000343 -0.000000000181127587026250223273
0.0000000357 -0.000000000184788634788787117181
0.0000000372 -0.000000000188147665922462365221
0.0000000388 -0.000000000191208964731468294549
0.0000000404 -0.000000000193980024648551734290
0.0000000422 -0.000000000196471034456495657604
0.0000000440 -0.000000000198694355432257602443
0.0000000459 -0.000000000200664011750250802870
0.0000000479 -0.000000000202395211723719370579
0.0000000500 -0.000000000203903912540491106441
0.0000000522 -0.000000000205206436488101591117
0.0000000545 -0.000000000206319142559401595039
0.0000000569 -0.000000000207258153950215253560
0.0000000594 -0.000000000208039139361376068408
0.0000000620 -0.000000000208677144174184671662
0.0000000648 -0.000000000209186466398992137869
0.0000000677 -0.000000000209580571691893247535
0.0000000707 -0.000000000209872041572492403311
0.0000000739 -0.000000000210072549140681213703
0.0000000773 -0.000000000210192856977264696658
0.0000000808 -0.000000000210242832436374423369
0.0000000844 -0.000000000210231476127452822091
0.0000000883 -0.000000000210166959990826837763
0.0000000923 -0.000000000210056671957988673805
0.0000000965 -0.000000000209907264731649781535
0.0000001010 -0.000000000209724706709643640136
0.0000001056 -0.000000000209514333504085231312
0.0000001105 -0.000000000209280898872208100177
0.0000001156 -0.000000000209028624182102889209
0.0000001209 -0.000000000208761245787808288418
0.0000001265 -0.000000000208482059892584148364
0.0000001324 -0.000000000208193964640948569512
0.0000001385 -0.000000000207899499305735650204
0.0000001449 -0.000000000207600880534310366258
0.0000001517 -0.000000000207300035688225202343
0.0000001588 -0.000000000206998633364817890915
0.0000001662 -0.000000000206698111223361896769
0.0000001739 -0.000000000206399701264364088085
0.0000001820 -0.000000000206104452722735982711
0.0000001906 -0.000000000205813252743550792733
0.0000001995 -0.000000000205526845009511331002
0.0000002088 -0.000000000205245846487078384180
0.0000002186 -0.000000000204970762450987559879
0.0000002289 -0.000000000204701999941924701721
0.0000002396 -0.000000000204439879799199271963
0.0000002509 -0.000000000204184647405540275278
0.0000002627 -0.000000000203936482266360319758
0.0000002751 -0.000000000203695506540343025732
0.0000002880 -0.000000000203461792625212538011
0.0000003016 -0.000000000203235369896201619075
0.0000003158 -0.000000000203016230683226702128
0.0000003308 -0.000000000202804335567754013783
0.0000003464 -0.000000000202599618069552295417
0.0000003627 -0.000000000202401988789208968141
0.0000003799 -0.000000000202211339064408388903
0.0000003978 -0.000000000202027544192396449261
0.0000004166 -0.000000000201850466265358096596
0.0000004364 -0.000000000201679956662054342461
0.0000004570 -0.000000000201515858232448808436
0.0000004786 -0.000000000201358007210219121565
0.0000005013 -0.000000000201206234881787748185
0.0000005251 -0.000000000201060369042030547500
0.0000005500 -0.000000000200920235257031436908
0.0000005760 -0.000000000200785657958484295972
0.0000006033 -0.000000000200656461388003930527
0.0000006320 -0.000000000200532470408132796865
0.0000006619 -0.000000000200413511195720264672
0.0000006934 -0.000000000200299411831771411660
0.0000007263 -0.000000000200190002798906283674
0.0000007608 -0.000000000200085117398275389486
0.0000007969 -0.000000000199984592095593752851
0.0000008347 -0.000000000199888266803584395149
0.0000008744 -0.000000000199795985109243055063
0.0000009159 -0.000000000199707594454471066506
0.0000009595 -0.000000000199622946272254904195
0.0000010051 -0.000000000199541896087817137677
0.0000010528 -0.000000000199464303586018493914
0.0000011029 -0.000000000199390032651917133500
0.0000011553 -0.000000000199318951388005155927
0.0000012103 -0.000000000199250932107510246077
0.0000012679 -0.000000000199185851313615992508
0.0000013282 -0.000000000199123589660394043725
0.0000013914 -0.000000000199064031903296443789
0.0000014576 -0.000000000199007066836149750351
0.0000015269 -0.000000000198952587220828319914
0.0000015996 -0.000000000198900489709069868423
0.0000016757 -0.000000000198850674757592652493
0.0000017555 -0.000000000198803046538933645338
0.0000018390 -0.000000000198757512846987638587
0.0000019266 -0.000000000198713985002953808115
0.0000020183 -0.000000000198672377754079475429
0.0000021144 -0.000000000198632609176830551960
0.0000022151 -0.000000000198594600574601092044
0.0000023206 -0.000000000198558276377262702385
0.0000024311 -0.000000000198523564042041757339
0.0000025469 -0.000000000198490393951177459904
0.0000026682 -0.000000000198458699316227617251
0.0000027953 -0.000000000198428416078207312973
0.0000029284 -0.000000000198399482813386864737
0.0000030680 -0.000000000198371840637958896801
0.0000032141 -0.000000000198345433115951993029
0.0000033672 -0.000000000198320206169161171340
0.0000035277 -0.000000000198296107989702511101
0.0000036958 -0.000000000198273088952252728106
0.0000038719 -0.000000000198251101534710688960
0.0000040564 -0.000000000198230100229673937788
0.0000042496 -0.000000000198210041473616836362
0.0000044522 -0.000000000198190883565822004377
0.0000046643 -0.000000000198172586594641588097
0.0000048866 -0.000000000198155112368295898990
0.0000051195 -0.000000000198138424341297740345
0.0000053635 -0.000000000198122487552921491732
0.0000056191 -0.000000000198107268557695794214
0.0000058870 -0.000000000198092735366100180500
0.0000061676 -0.000000000198078857383458373809
0.0000064615 -0.000000000198065605349433257241
0.0000067695 -0.000000000198052951289795419822
0.0000070922 -0.000000000198040868452942705507
0.0000074303 -0.000000000198029331264782499700
0.0000077845 -0.000000000198018315274905458286
0.0000081556 -0.000000000198007797116792562541
0.0000085444 -0.000000000197997754448952326362
0.0000089517 -0.000000000197988165920977879271
0.0000093784 -0.000000000197979011129224793883
0.0000098255 -0.000000000197970270573463177050
0.0000102940 -0.000000000197961925619902618924
0.0000107847 -0.000000000197953958460991292743
0.0000112989 -0.000000000197946352084610895784
0.0000118376 -0.000000000197939090236373214208
0.0000124020 -0.000000000197932157386281358102
0.0000129933 -0.000000000197925538694745071863
0.0000136128 -0.000000000197919219990789979280
0.0000142618 -0.000000000197913187730813505160
0.0000149418 -0.000000000197907428986184145476
0.0000156542 -0.000000000197901931396236179429
0.0000164006 -0.000000000197896683165497399472
0.0000171826 -0.000000000197891673019623959310
0.0000180019 -0.000000000197886890191521265497
0.0000188602 -0.000000000197882324404801812751
0.0000197595 -0.000000000197877965836087228869
0.0000207017 -0.000000000197873805106085658405
0.0000216888 -0.000000000197869833262487683856
0.0000227229 -0.000000000197866041754232090567
0.0000238064 -0.000000000197862422404548877752
0.0000249416 -0.000000000197858967424888514722
0.0000261309 -0.000000000197855669364911402374
0.0000273769 -0.000000000197852521102701111631
0.0000286824 -0.000000000197849515867971245716
0.0000300501 -0.000000000197846647151046983341
0.0000314830 -0.000000000197843908785318338769
0.0000329843 -0.000000000197841294845920437097
0.0000345571 -0.000000000197838799688842303419
0.0000362050 -0.000000000197836417924635573297
0.0000379314 -0.000000000197834144414286111868
0.0000397402 -0.000000000197831974236743607586
0.0000416352 -0.000000000197829902713462340788
0.0000436207 -0.000000000197827925346864193543
0.0000457008 -0.000000000197826037882864508373
0.0000478801 -0.000000000197824236229256115920
0.0000501633 -0.000000000197822516485216573453
0.0000525554 -0.000000000197820874945297579415
0.0000550616 -0.000000000197819308031385645726
0.0000576873 -0.000000000197817812386761063733
0.0000604382 -0.000000000197816384749542579211
0.0000633204 -0.000000000197815022046273598740
0.0000663399 -0.000000000197813721300303846006
0.0000695035 -0.000000000197812479726040233648
0.0000728180 -0.000000000197811294620251556758
0.0000762905 -0.000000000197810163416728639461
0.0000799286 -0.000000000197809083667960526580
0.0000837402 -0.000000000197808053026615331447
0.0000877336 -0.000000000197807069280019062532
0.0000919174 -0.000000000197806130283767503349
0.0000963007 -0.000000000197805233986516660318
0.0001008931 -0.000000000197804378487801705306
0.0001057045 -0.000000000197803561895201650498
0.0001107454 -0.000000000197802782453077551333
0.0001160266 -0.000000000197802038482394315612
0.0001215597 -0.000000000197801328352606540533
0.0001273567 -0.000000000197800650525048685317
0.0001334301 -0.000000000197800003553553492110
0.0001397932 -0.000000000197799386024391771726
0.0001464597 -0.000000000197798796565706191737
0.0001534442 -0.000000000197798233940180759937
0.0001607617 -0.000000000197797696927857067943
0.0001684282 -0.000000000197797184351977817526
0.0001764603 -0.000000000197796695081122523402
0.0001848755 -0.000000000197796228084558097127
0.0001936920 -0.000000000197795782331727510483
0.0002029289 -0.000000000197795356891658009194
0.0002126063 -0.000000000197794950787595364763
0.0002227453 -0.000000000197794563139268315723
0.0002333678 -0.000000000197794193180830864763
0.0002444968 -0.000000000197793840020113506937
0.0002561566 -0.000000000197793502987909394006
0.0002683725 -0.000000000197793181204989641323
0.0002811709 -0.000000000197792874160810232263
0.0002945796 -0.000000000197792581007788402956
0.0003086279 -0.000000000197792301247210809939
0.0003233460 -0.000000000197792034207466818112
0.0003387661 -0.000000000197791779305969606537
0.0003549216 -0.000000000197791536017609722920
0.0003718475 -0.000000000197791303798836472846
0.0003895806 -0.000000000197791082169912191198
0.0004081593 -0.000000000197790870630021280834
0.0004276241 -0.000000000197790668628519715093
0.0004480172 -0.000000000197790475966604611612
0.0004693828 -0.000000000197790291933365622497
0.0004917673 -0.000000000197790116407616057572
0.0005152193 -0.000000000197789948758908503202
0.0005397897 -0.000000000197789788793391476776
0.0005655319 -0.000000000197789636040899834967
0.0005925017 -0.000000000197789490390552989344
0.0006207577 -0.000000000197789351257509767455
0.0006503612 -0.000000000197789218447037610089
0.0006813765 -0.000000000197789091687021418525
0.0007138709 -0.000000000197788970750533781835
0.0007479149 -0.000000000197788855296300917288
0.0007835825 -0.000000000197788745068296699272
0.0008209510 -0.000000000197788639922213964005
0.0008601017 -0.000000000197788539491186994581
0.0009011194 -0.000000000197788443689192781306
0.0009440932 -0.000000000197788352179427237738
0.0009891164 -0.000000000197788264936539966441
0.0010362868 -0.000000000197788181485995027580
0.0010857067 -0.000000000197788101957532598307
0.0011374834 -0.000000000197788026129055976621
0.0011917294 -0.000000000197787953685858999351
0.0012485623 -0.000000000197787884417383461957
0.0013081055 -0.000000000197787818427882891996
0.0013704883 -0.000000000197787755547546260397
0.0014358461 -0.000000000197787695126835703868
0.0015043208 -0.000000000197787637894794532553
0.0015760611 -0.000000000197787583078766080018
0.0016512226 -0.000000000197787530963898554413
0.0017299685 -0.000000000197787480662466116743
0.0018124698 -0.000000000197787433390539090470
0.0018989055 -0.000000000197787387773371137328
0.0019894633 -0.000000000197787344217651835184
0.0020843398 -0.000000000197787302986863308896
0.0021837408 -0.000000000197787263143919086434
0.0022878823 -0.000000000197787225622681987734
0.0023969902 -0.000000000197787189748604628029
0.0025113015 -0.000000000197787155130433679508
0.0026310642 -0.000000000197787122529522876674
0.0027565383 -0.000000000197787090791316138744
0.0028879962 -0.000000000197787061379804165177
0.0030257233 -0.000000000197787032614465911350
0.0031700186 -0.000000000197787005148749426707
0.0033211952 -0.000000000197786979226137831945
0.0034795814 -0.000000000197786954809268309372
0.0036455209 -0.000000000197786930902037428396
0.0038193740 -0.000000000197786907997234264934
0.0040015181 -0.000000000197786886783411870790
0.0041923486 -0.000000000197786865789362809251
0.0043922796 -0.000000000197786846628324711079
0.0046017453 -0.000000000197786827379700180156
0.0048212004 -0.000000000197786809751062143214
0.0050511211 -0.000000000197786792535098697761
0.0052920067 -0.000000000197786776357752690307
0.0055443800 -0.000000000197786760867725348539
