0.0000000002 -0.000000000000000113049890847502
0.0000000002 -0.000000000000000125542882092412
0.0000000002 -0.000000000000000139416423670984
0.0000000002 -0.000000000000000154823068311582
0.0000000002 -0.000000000000000171932224817599
0.0000000002 -0.000000000000000190932020312064
0.0000000002 -0.000000000000000212031368228570
0.0000000002 -0.000000000000000235462264495001
0.0000000002 -0.000000000000000261482337931677
0.0000000002 -0.000000000000000290377681325985
0.0000000002 -0.000000000000000322465996183799
0.0000000002 -0.000000000000000358100084184589
0.0000000002 -0.000000000000000397671724066381
0.0000000002 -0.000000000000000441615977353732
0.0000000002 -0.000000000000000490415968462807
0.0000000003 -0.000000000000000544608193495834
0.0000000003 -0.000000000000000604788414329443
0.0000000003 -0.000000000000000671618204275097
0.0000000003 -0.000000000000000745832214917910
0.0000000003 -0.000000000000000828246246876836
0.0000000003 -0.000000000000000919766209055057
0.0000000003 -0.000000000000001021398068824174
0.0000000003 -0.000000000000001134258898071080
0.0000000003 -0.000000000000001259589139373194
0.0000000004 -0.000000000000001398766224837116
0.0000000004 -0.000000000000001553319696641260
0.0000000004 -0.000000000000001724947995763339
0.0000000004 -0.000000000000001915537101824825
0.0000000004 -0.000000000000002127181227442278
0.0000000004 -0.000000000000002362205794625341
0.0000000004 -0.000000000000002623192942840738
0.0000000005 -0.000000000000002913009847109562
0.0000000005 -0.000000000000003234840157796048
0.0000000005 -0.000000000000003592218900581001
0.0000000005 -0.000000000000003989071221342531
0.0000000005 -0.000000000000004429755395135483
0.0000000005 -0.000000000000004919110569166357
0.0000000006 -0.000000000000005462509756856035
0.0000000006 -0.000000000000006065918662702346
0.0000000006 -0.000000000000006735960972347801
0.0000000006 -0.000000000000007479990819585367
0.0000000006 -0.000000000000008306173213101114
0.0000000007 -0.000000000000009223573297447137
0.0000000007 -0.000000000000010242255407602243
0.0000000007 -0.000000000000011373392993758185
0.0000000007 -0.000000000000012629390596601805
0.0000000008 -0.000000000000014024019189665776
0.0000000008 -0.000000000000015572566343952018
0.0000000008 -0.000000000000017292002825757079
0.0000000008 -0.000000000000019201167415714646
0.0000000009 -0.000000000000021320971923388618
0.0000000009 -0.000000000000023674628586051893
0.0000000009 -0.000000000000026287902279021503
0.0000000010 -0.000000000000029189390207775514
0.0000000010 -0.000000000000032410832056909813
0.0000000010 -0.000000000000035987453865904044
0.0000000011 -0.000000000000039958349258740604
0.0000000011 -0.000000000000044366902035265257
0.0000000012 -0.000000000000049261254539134545
0.0000000012 -0.000000000000054694826695896059
0.0000000012 -0.000000000000060726891107854295
0.0000000013 -0.000000000000067423210153164887
0.0000000013 -0.000000000000074856741647920639
0.0000000014 -0.000000000000083108420295036900
0.0000000014 -0.000000000000092268022885295690
0.0000000015 -0.000000000000102435125998433067
0.0000000015 -0.000000000000113720165848228591
0.0000000016 -0.000000000000126245610847673136
0.0000000016 -0.000000000000140147258527182480
0.0000000017 -0.000000000000155575669542280930
0.0000000018 -0.000000000000172697752753624684
0.0000000018 -0.000000000000191698516664082770
0.0000000019 -0.000000000000212783003929423321
0.0000000020 -0.000000000000236178427196357144
0.0000000020 -0.000000000000262136526157259195
0.0000000021 -0.000000000000290936167475346816
0.0000000022 -0.000000000000322886211089466906
0.0000000023 -0.000000000000358328668396209327
0.0000000023 -0.000000000000397642179871610650
0.0000000024 -0.000000000000441245841879621686
0.0000000025 -0.000000000000489603414642860051
0.0000000026 -0.000000000000543227945670784895
0.0000000027 -0.000000000000602686845279353682
0.0000000028 -0.000000000000668607453126496700
0.0000000029 -0.000000000000741683137001823832
0.0000000030 -0.000000000000822679967212224961
0.0000000031 -0.000000000000912444011876383762
0.0000000032 -0.000000000001011909300076689777
0.0000000033 -0.000000000001122106501074679626
0.0000000034 -0.000000000001244172368402610894
0.0000000036 -0.000000000001379359997634178520
0.0000000037 -0.000000000001529049945501775879
0.0000000038 -0.000000000001694762255797913312
0.0000000039 -0.000000000001878169433584313522
0.0000000041 -0.000000000002081110403526961245
0.0000000042 -0.000000000002305605479934803348
0.0000000044 -0.000000000002553872365071987305
0.0000000045 -0.000000000002828343177723666103
0.0000000047 -0.000000000003131682495164274341
0.0000000049 -0.000000000003466806367881539492
0.0000000050 -0.000000000003836902236576614019
0.0000000052 -0.000000000004245449644175005485
0.0000000054 -0.000000000004696241590593993449
0.0000000056 -0.000000000005193406323650318798
0.0000000058 -0.000000000005741429294270353857
0.0000000060 -0.000000000006345174926744363291
0.0000000062 -0.000000000007009907763746178982
0.0000000065 -0.000000000007741312439596037759
0.0000000067 -0.000000000008545511812893669149
0.0000000069 -0.000000000009429082449831236017
0.0000000072 -0.000000000010399066492076322241
0.0000000074 -0.000000000011462978768123267696
0.0000000077 -0.000000000012628807815789213159
0.0000000080 -0.000000000013905009278777888070
0.0000000083 -0.000000000015300489926667650160
0.0000000086 -0.000000000016824580332140268257
0.0000000089 -0.000000000018486994032268805679
0.0000000092 -0.000000000020297770816156025942
0.0000000095 -0.000000000022267201637591014112
0.0000000099 -0.000000000024405732572857966451
0.0000000102 -0.000000000026723845259399292839
0.0000000106 -0.000000000029231911396476136668
0.0000000110 -0.000000000031940019204533330826
0.0000000114 -0.000000000034857770270758091166
0.0000000118 -0.000000000037994046000806500054
0.0000000122 -0.000000000041356743994862614691
0.0000000127 -0.000000000044952486106631495063
0.0000000132 -0.000000000048786301746790067105
0.0000000137 -0.000000000052861292152676171672
0.0000000142 -0.000000000057178283821858953255
0.0000000147 -0.000000000061735482008037017028
0.0000000152 -0.000000000066528137954284583651
0.0000000158 -0.000000000071548246175897175128
0.0000000164 -0.000000000076784290323169358383
0.0000000170 -0.000000000082221057619117040267
0.0000000177 -0.000000000087839542215616554022
0.0000000183 -0.000000000093616956691344485356
0.0000000190 -0.000000000099526868040670822053
0.0000000198 -0.000000000105539469717954245051
0.0000000205 -0.000000000111621994645248271579
0.0000000213 -0.000000000117739265846922164173
0.0000000222 -0.000000000123854372092842733593
0.0000000230 -0.000000000129929446409076628037
0.0000000240 -0.000000000135926516522620176234
0.0000000249 -0.000000000141808389269120414068
0.0000000259 -0.000000000147539526636130725658
0.0000000269 -0.000000000153086870109924084073
0.0000000280 -0.000000000158420572623534589008
0.0000000292 -0.000000000163514603494355097359
0.0000000304 -0.000000000168347200668548313748
0.0000000316 -0.000000000172901155376698561366
0.0000000329 -0.000000000177163925766442830243
0.0000000343 -0.000000000181127587012809003608
0.0000000357 -0.000000000184788634773188636328
0.0000000372 -0.000000000188147665904386245789
0.0000000388 -0.000000000191208964710548819310
0.0000000404 -0.000000000193980024624388858019
0.0000000422 -0.000000000196471034428602739607
0.0000000440 -0.000000000198694355400107263382
0.0000000459 -0.000000000200664011713222993327
0.0000000479 -0.000000000202395211681095503247
0.0000000500 -0.000000000203903912491467265161
0.0000000522 -0.000000000205206436431747792237
0.0000000545 -0.000000000206319142494656074694
0.0000000569 -0.000000000207258153875829977151
0.0000000594 -0.000000000208039139275957701893
0.0000000620 -0.000000000208677144076116929972
0.0000000648 -0.000000000209186466286418207325
0.0000000677 -0.000000000209580571562682155782
0.0000000707 -0.000000000209872041424203140363
0.0000000739 -0.000000000210072548970488208134
0.0000000773 -0.000000000210192856781936515707
0.0000000808 -0.000000000210242832212225977407
0.0000000844 -0.000000000210231475870186313300
0.0000000883 -0.000000000210166959695561202595
0.0000000923 -0.000000000210056671619091406825
0.0000000965 -0.000000000209907264342659025344
0.0000001010 -0.000000000209724706263122730836
0.0000001056 -0.000000000209514332991476571876
0.0000001105 -0.000000000209280898283704249521
0.0000001156 -0.000000000209028623506424128158
0.0000001209 -0.000000000208761245011983416840
0.0000001265 -0.000000000208482059001731566653
0.0000001324 -0.000000000208193963617901436525
0.0000001385 -0.000000000207899498130840981767
0.0000001449 -0.000000000207600879184894133656
0.0000001517 -0.000000000207300034138332701000
0.0000001588 -0.000000000206998631584497401990
0.0000001662 -0.000000000206698109178264693628
0.0000001739 -0.000000000206399698914989737386
0.0000001820 -0.000000000206104450023667822731
0.0000001906 -0.000000000205813249642554823481
0.0000001995 -0.000000000205526841446606023774
0.0000002088 -0.000000000205245842393181879366
0.0000002186 -0.000000000204970757746907265844
0.0000002289 -0.000000000204701994536353113728
0.0000002396 -0.000000000204439873587351993448
0.0000002509 -0.000000000204184640266840584215
0.0000002627 -0.000000000203936474062310807099
0.0000002751 -0.000000000203695497111539783583
0.0000002880 -0.000000000203461781788544843069
0.0000003016 -0.000000000203235357440988430478
0.0000003158 -0.000000000203016216367426442343
0.0000003308 -0.000000000202804319112884542270
0.0000003464 -0.000000000202599599155566912477
0.0000003627 -0.000000000202401967048030059721
0.0000003799 -0.000000000202211314072967528924
0.0000003978 -0.000000000202027515464055114950
0.0000004166 -0.000000000201850433240659737538
0.0000004364 -0.000000000201679918697787010798
0.0000004570 -0.000000000201515814588943878110
0.0000004786 -0.000000000201357957037013198074
0.0000005013 -0.000000000201206177201067475804
0.0000005251 -0.000000000201060302729327402856
0.0000005500 -0.000000000200920159019279936051
0.0000005760 -0.000000000200785570309070323841
0.0000006033 -0.000000000200656360617578112478
0.0000006320 -0.000000000200532354550852766733
0.0000006619 -0.000000000200413377991312930703
0.0000006934 -0.000000000200299258680940580270
0.0000007263 -0.000000000200189826713004173396
0.0000007608 -0.000000000200084914940654724208
0.0000007969 -0.000000000199984359314363613183
0.0000008347 -0.000000000199887999154325932463
0.0000008744 -0.000000000199795677366546454088
0.0000009159 -0.000000000199707240609390042336
0.0000009595 -0.000000000199622539414937424789
0.0000010051 -0.000000000199541428272591981610
0.0000010528 -0.000000000199463765675733145682
0.0000011029 -0.000000000199389414140271614707
0.0000011553 -0.000000000199318240192172546591
0.0000012103 -0.000000000199250114334013603705
0.0000012679 -0.000000000199184910985380256650
0.0000013282 -0.000000000199122508405167882136
0.0000013914 -0.000000000199062788593418973073
0.0000014576 -0.000000000199005637176086591183
0.0000015269 -0.000000000198950943272251225019
0.0000015996 -0.000000000198898599344317915742
0.0000016757 -0.000000000198848501030888395163
0.0000017555 -0.000000000198800546964219850439
0.0000018390 -0.000000000198754638567740209110
0.0000019266 -0.000000000198710679835526595778
0.0000020183 -0.000000000198668577089698350775
0.0000021144 -0.000000000198628238718083109542
0.0000022151 -0.000000000198589574881323650707
0.0000023206 -0.000000000198552497196869879873
0.0000024311 -0.000000000198516918386155485887
0.0000025469 -0.000000000198482751887615605027
0.0000026682 -0.000000000198449911426708955266
0.0000027953 -0.000000000198418310535476679896
0.0000029284 -0.000000000198387862020645645665
0.0000030680 -0.000000000198358477363858624821
0.0000032141 -0.000000000198330066049716450952
0.0000033672 -0.000000000198302534809930205434
0.0000035277 -0.000000000198275786768606760821
0.0000036958 -0.000000000198249720470693770228
0.0000038719 -0.000000000198224228793140346190
0.0000040564 -0.000000000198199197687980842890
0.0000042496 -0.000000000198174504769154733956
0.0000044522 -0.000000000198150017692855669466
0.0000046643 -0.000000000198125592308197602455
0.0000048866 -0.000000000198101070548295922779
0.0000051195 -0.000000000198076278015635793915
0.0000053635 -0.000000000198051021217651709802
0.0000056191 -0.000000000198025084400052997217
0.0000058870 -0.000000000197998225920444313101
0.0000061676 -0.000000000197970174085916897383
0.0000064615 -0.000000000197940622373031573602
0.0000067695 -0.000000000197909223957640451810
0.0000070922 -0.000000000197875585415771992038
0.0000074303 -0.000000000197839259500380245588
0.0000077845 -0.000000000197799736842229749324
0.0000081556 -0.000000000197756436417637424693
0.0000085444 -0.000000000197708694589737038458
0.0000089517 -0.000000000197655752517485040333
0.0000093784 -0.000000000197596741691295227213
0.0000098255 -0.000000000197530667288673799707
0.0000102940 -0.000000000197456389071783985982
0.0000107847 -0.000000000197372599385600007506
0.0000112989 -0.000000000197277797908908387607
0.0000118376 -0.000000000197170262580225929879
0.0000124020 -0.000000000197048016217603430277
0.0000129933 -0.000000000196908788077268976618
0.0000136128 -0.000000000196749969725560925615
0.0000142618 -0.000000000196568564223427685018
0.0000149418 -0.000000000196361127759712238680
0.0000156542 -0.000000000196123702481743314768
0.0000164006 -0.000000000195851739299249236739
0.0000171826 -0.000000000195540009083404055286
0.0000180019 -0.000000000195182500570463933699
0.0000188602 -0.000000000194772302946465033629
0.0000197595 -0.000000000194301470829626791675
0.0000207017 -0.000000000193760869013879718237
0.0000216888 -0.000000000193139993903016279649
0.0000227230 -0.000000000192426768203361704171
0.0000238065 -0.000000000191607304806462083162
0.0000249417 -0.000000000190665635261536330836
0.0000261310 -0.000000000189583397538008476915
0.0000273770 -0.000000000188339476937197599033
0.0000286825 -0.000000000186909593224181864356
0.0000300502 -0.000000000185265825724144601906
0.0000314831 -0.000000000183376067333891275403
0.0000329844 -0.000000000181203396544743903288
0.0000345573 -0.000000000178705355369028674384
0.0000362051 -0.000000000175833118966250151453
0.0000379316 -0.000000000172530540710034104377
0.0000397404 -0.000000000168733054141127934408
0.0000416355 -0.000000000164366410217169011583
0.0000436209 -0.000000000159345225239270910937
0.0000457011 -0.000000000153571311067582627102
0.0000478804 -0.000000000146931755007673872777
0.0000501637 -0.000000000139296711778628052033
0.0000525559 -0.000000000130516864518521092381
0.0000550622 -0.000000000120420505146841241426
0.0000576880 -0.000000000108810177103645396953
0.0000604390 -0.000000000095458814830647338956
0.0000633212 -0.000000000080105304745407539170
0.0000663409 -0.000000000062449380839942037393
0.0000695047 -0.000000000042145755455403643118
0.0000728193 -0.000000000030888252956376429053
0.0000728298 -0.000000000030815845862590045394
0.0000728403 -0.000000000030743438562695650118
0.0000728509 -0.000000000030671031209437306747
0.0000728614 -0.000000000030598623955696171068
0.0000728719 -0.000000000030526213870176680418
0.0000728824 -0.000000000030453807272402010182
0.0000728929 -0.000000000030381401233072862396
0.0000729034 -0.000000000030308989726223316847
0.0000729139 -0.000000000030236585259348784167
0.0000729244 -0.000000000030164175624331390794
0.0000729349 -0.000000000030091767153219067356
0.0000729454 -0.000000000030019359999417873898
0.0000729559 -0.000000000029946954316274087282
0.0000729664 -0.000000000029874544057001211837
0.0000729769 -0.000000000029802135568102514825
0.0000729874 -0.000000000029729729003406958844
0.0000729979 -0.000000000029657321410748180400
0.0000730084 -0.000000000029584912938624111675
0.0000730188 -0.000000000029512506844533345515
0.0000730293 -0.000000000029440097060429338781
0.0000730398 -0.000000000029367693067467032367
0.0000730502 -0.000000000029295282567169274834
0.0000730607 -0.000000000029222875046166975044
0.0000730712 -0.000000000029150467540375279485
0.0000730816 -0.000000000029078057078836371716
0.0000730921 -0.000000000029005653169714096892
0.0000731025 -0.000000000028933243479081370129
0.0000731130 -0.000000000028860837520634886141
0.0000731234 -0.000000000028788429194724012124
0.0000731339 -0.000000000028716018645201069149
0.0000731443 -0.000000000028643615407147897541
0.0000731548 -0.000000000028571203978995355812
0.0000731652 -0.000000000028498800164355169204
0.0000731756 -0.000000000028426391579595431889
0.0000731860 -0.000000000028353981501096349114
0.0000731965 -0.000000000028281576351667678766
0.0000732069 -0.000000000028209166862373782714
0.0000732173 -0.000000000028136759458142857476
0.0000732277 -0.000000000028064354288420189678
0.0000732381 -0.000000000027991942063027887798
0.0000732486 -0.000000000027919538657457168152
0.0000732590 -0.000000000027847128481263718799
0.0000732694 -0.000000000027774724276030485149
0.0000732798 -0.000000000027702313581848002684
0.0000732902 -0.000000000027629905999208743446
0.0000733006 -0.000000000027557501677984198874
0.0000733110 -0.000000000027485091290859809642
0.0000733213 -0.000000000027412684454442175591
0.0000733317 -0.000000000027340278156182664598
0.0000733421 -0.000000000027267869376412632487
0.0000733525 -0.000000000027195461420800772519
0.0000733629 -0.000000000027123054434268520553
0.0000733733 -0.000000000027050645391979692953
0.0000733836 -0.000000000026978240776855482441
0.0000733940 -0.000000000026905831218936640671
0.0000734044 -0.000000000026833426378355258452
0.0000734147 -0.000000000026761016874558362715
0.0000734251 -0.000000000026688609199728748227
0.0000734354 -0.000000000026616200318429692083
0.0000734458 -0.000000000026543796735508101609
0.0000734561 -0.000000000026471385864937479920
0.0000734665 -0.000000000026398980579995680764
0.0000734768 -0.000000000026326571468173937783
0.0000734872 -0.000000000026254165043457775391
0.0000734975 -0.000000000026181758260099916382
0.0000735079 -0.000000000026109348065139470840
0.0000735182 -0.000000000026036944178573891100
0.0000735285 -0.000000000025964533964363233718
0.0000735389 -0.000000000025892130346485404148
0.0000735492 -0.000000000025819720674813017350
0.0000735595 -0.000000000025747311483367485758
0.0000735698 -0.000000000025674906116755314216
0.0000735801 -0.000000000025602498309493262940
0.0000735905 -0.000000000025530091404471857055
0.0000736008 -0.000000000025457685542491935429
0.0000736111 -0.000000000025385274441941302620
0.0000736214 -0.000000000025312871084890170429
0.0000736317 -0.000000000025240462763878205734
0.0000736420 -0.000000000025168052825757492254
0.0000736523 -0.000000000025095647842827467607
0.0000736626 -0.000000000025023241521255383239
0.0000736729 -0.000000000024950830774789240866
0.0000736831 -0.000000000024878425405217110131
0.0000736934 -0.000000000024806019107956613598
0.0000737037 -0.000000000024733612018901770898
0.0000737140 -0.000000000024661204274055947830
0.0000737243 -0.000000000024588796009341727605
0.0000737345 -0.000000000024516387360862099586
0.0000737448 -0.000000000024443981699342471775
0.0000737551 -0.000000000024371575929837552464
0.0000737653 -0.000000000024299166950470447669
0.0000737756 -0.000000000024226761372022630072
0.0000737859 -0.000000000024154352852631473973
0.0000737961 -0.000000000024081944766883824801
0.0000738064 -0.000000000024009540496496566368
0.0000738166 -0.000000000023937130441845834129
0.0000738269 -0.000000000023864724475563704074
0.0000738371 -0.000000000023792319488824965071
0.0000738474 -0.000000000023719909113041819804
0.0000738576 -0.000000000023647503237323985629
0.0000738678 -0.000000000023575095491329696598
0.0000738781 -0.000000000023502689264387720540
0.0000738883 -0.000000000023430281433632515253
0.0000738985 -0.000000000023357872130373930034
0.0000739088 -0.000000000023285468013058528061
0.0000739190 -0.000000000023213062693551717158
0.0000739292 -0.000000000023140653036495514849
0.0000739394 -0.000000000023068245705701412974
0.0000739496 -0.000000000022995837567777062224
0.0000739598 -0.000000000022923432026826042959
0.0000739701 -0.000000000022851025945825377681
0.0000739803 -0.000000000022778616180605355033
0.0000739905 -0.000000000022706212691215577349
0.0000740007 -0.000000000022633802501747488289
0.0000740109 -0.000000000022561395577852706263
0.0000740211 -0.000000000022488992056958753286
0.0000740312 -0.000000000022416582221287034083
0.0000740414 -0.000000000022344172765979947300
0.0000740516 -0.000000000022271770400636798565
0.0000740618 -0.000000000022199362106277229748
0.0000740720 -0.000000000022126954588996079492
0.0000740822 -0.000000000022054547981158081788
0.0000740923 -0.000000000021982139119190879564
0.0000741025 -0.000000000021909734725596041474
0.0000741127 -0.000000000021837325039647842085
0.0000741228 -0.000000000021764920087147882550
0.0000741330 -0.000000000021692513399638717528
0.0000741432 -0.000000000021620105104471439155
0.0000741533 -0.000000000021547698635607581184
0.0000741635 -0.000000000021475290817187668007
0.0000741736 -0.000000000021402885087011222173
0.0000741838 -0.000000000021330478265662117621
0.0000741939 -0.000000000021258070480506633005
0.0000742041 -0.000000000021185665175005052929
0.0000742142 -0.000000000021113259164404440348
0.0000742243 -0.000000000021040849256776341051
0.0000742345 -0.000000000020968442216988120372
0.0000742446 -0.000000000020896038178113005424
0.0000742547 -0.000000000020823630623444561331
0.0000742649 -0.000000000020751223002075061145
0.0000742750 -0.000000000020678815441879476979
0.0000742851 -0.000000000020606408070580330911
0.0000742952 -0.000000000020534004348475366014
0.0000743054 -0.000000000020461594406787642938
0.0000743155 -0.000000000020389188370206631484
0.0000743256 -0.000000000020316783034552095033
0.0000743357 -0.000000000020244375188495954806
0.0000743458 -0.000000000020171968295961376642
0.0000743559 -0.000000000020099559142131721847
0.0000743660 -0.000000000020027154539548328747
0.0000743761 -0.000000000019954747928553283145
0.0000743862 -0.000000000019882342780519788610
0.0000743963 -0.000000000019809932523195201388
0.0000744064 -0.000000000019737530682692419215
0.0000744165 -0.000000000019665120628586420953
0.0000744265 -0.000000000019592712540331800601
0.0000744366 -0.000000000019520306546509186421
0.0000744467 -0.000000000019447902775847488490
0.0000744568 -0.000000000019375494634387586857
0.0000744668 -0.000000000019303085602992249711
0.0000744769 -0.000000000019230679169906334609
0.0000744870 -0.000000000019158275463942872019
0.0000744970 -0.000000000019085867876811223955
0.0000745071 -0.000000000019013459896923202746
0.0000745172 -0.000000000018941051647648392665
0.0000745272 -0.000000000018868650000632047960
0.0000745373 -0.000000000018796238211168336217
0.0000745473 -0.000000000018723833274741332858
0.0000745574 -0.000000000018651428566958124042
0.0000745674 -0.000000000018579020830358884553
0.0000745775 -0.000000000018506613566172771259
0.0000745875 -0.000000000018434206898336798175
0.0000745975 -0.000000000018361800950556533536
0.0000746076 -0.000000000018289392458257775240
0.0000746176 -0.000000000018216988320652909155
0.0000746276 -0.000000000018144581882686279472
0.0000746377 -0.000000000018072173262991137672
0.0000746477 -0.000000000017999765975998081307
0.0000746577 -0.000000000017927363543514559564
0.0000746677 -0.000000000017854952497039822094
0.0000746777 -0.000000000017782546549779485707
0.0000746878 -0.000000000017710142428241749991
0.0000746978 -0.000000000017637733446795197146
0.0000747078 -0.000000000017565329939161395291
0.0000747178 -0.000000000017492921809382841333
0.0000747278 -0.000000000017420515991767110424
0.0000747378 -0.000000000017348105786251510685
0.0000747478 -0.000000000017275701548661062043
0.0000747578 -0.000000000017203296577217794063
0.0000747678 -0.000000000017130890991030173489
0.0000747777 -0.000000000017058481489597485960
0.0000747877 -0.000000000016986075029567855539
0.0000747977 -0.000000000016913668312323453889
0.0000748077 -0.000000000016841264882289888677
0.0000748177 -0.000000000016768854583604781256
0.0000748277 -0.000000000016696451239464852752
0.0000748376 -0.000000000016624044688718734912
0.0000748476 -0.000000000016551635045302307926
0.0000748576 -0.000000000016479232725827920357
0.0000748675 -0.000000000016406824116691871555
0.0000748775 -0.000000000016334416202218785989
0.0000748875 -0.000000000016262012541749539769
0.0000748974 -0.000000000016189606377390526975
0.0000749074 -0.000000000016117197823392030746
0.0000749173 -0.000000000016044790439145013625
0.0000749273 -0.000000000015972387791552126687
0.0000749372 -0.000000000015899979659321453964
0.0000749472 -0.000000000015827573052777024567
0.0000749571 -0.000000000015755164639309835574
0.0000749670 -0.000000000015682761442030448155
0.0000749770 -0.000000000015610353218034093417
0.0000749869 -0.000000000015537946992316696864
0.0000749968 -0.000000000015465542884979057633
0.0000750068 -0.000000000015393134092862831429
0.0000750167 -0.000000000015320727652114596910
0.0000750266 -0.000000000015248323682965214437
0.0000750365 -0.000000000015175915371375457305
0.0000750464 -0.000000000015103509764645168110
0.0000750564 -0.000000000015031103512264696649
0.0000750663 -0.000000000014958696729122169556
0.0000750762 -0.000000000014886293004684122354
0.0000750861 -0.000000000014813882030451885460
0.0000750960 -0.000000000014741477822991119044
0.0000751059 -0.000000000014669073548454806670
0.0000751158 -0.000000000014596665840053071819
0.0000751257 -0.000000000014524258291144087615
0.0000751356 -0.000000000014451854502345611417
0.0000751455 -0.000000000014379447619766227858
0.0000751554 -0.000000000014307037753104107842
0.0000751653 -0.000000000014234635485199554009
0.0000751751 -0.000000000014162226971025162693
0.0000751850 -0.000000000014089822798996482330
0.0000751949 -0.000000000014017416096996757644
0.0000752048 -0.000000000013945010473336625860
0.0000752146 -0.000000000013872602543326180334
0.0000752245 -0.000000000013800199421069203575
0.0000752344 -0.000000000013727790716028333673
0.0000752442 -0.000000000013655383544254033850
0.0000752541 -0.000000000013582978021349294122
0.0000752640 -0.000000000013510574263072229949
0.0000752738 -0.000000000013438165362707707586
0.0000752837 -0.000000000013365761964165754862
0.0000752935 -0.000000000013293353644165142867
0.0000753034 -0.000000000013220947540885611792
0.0000753132 -0.000000000013148540251756962494
0.0000753231 -0.000000000013076135407600285948
0.0000753329 -0.000000000013003729602107689863
0.0000753428 -0.000000000012931326469914713290
0.0000753526 -0.000000000012858915549264982733
0.0000753624 -0.000000000012786511050838062409
0.0000753723 -0.000000000012714106036966632860
0.0000753821 -0.000000000012641700618431931987
0.0000753919 -0.000000000012569291372544715126
0.0000754017 -0.000000000012496889009995275206
0.0000754116 -0.000000000012424479504643544875
0.0000754214 -0.000000000012352073572768330057
0.0000754312 -0.000000000012279671330685285331
0.0000754410 -0.000000000012207262267376008297
0.0000754508 -0.000000000012134857115684276806
0.0000754606 -0.000000000012062448899789999455
0.0000754704 -0.000000000011990044821203634817
0.0000754802 -0.000000000011917641446624232022
0.0000754900 -0.000000000011845231783730915013
0.0000754998 -0.000000000011772826593257426348
0.0000755096 -0.000000000011700422436474851129
0.0000755194 -0.000000000011628012310110555080
0.0000755292 -0.000000000011555610550709088653
0.0000755390 -0.000000000011483203036824469622
0.0000755488 -0.000000000011410796994353491152
0.0000755586 -0.000000000011338388969927324112
0.0000755684 -0.000000000011265986202445620842
0.0000755781 -0.000000000011193578103820023228
0.0000755879 -0.000000000011121175485007354127
0.0000755977 -0.000000000011048767747002010994
0.0000756075 -0.000000000010976362138009578310
0.0000756172 -0.000000000010903955193836242233
0.0000756270 -0.000000000010831547020649561633
0.0000756368 -0.000000000010759144883317753547
0.0000756465 -0.000000000010686738155342294190
0.0000756563 -0.000000000010614330520490525501
0.0000756660 -0.000000000010541925669911602523
0.0000756758 -0.000000000010469520128630559196
0.0000756855 -0.000000000010397114002985912590
0.0000756953 -0.000000000010324710989726977511
0.0000757050 -0.000000000010252300423829201058
0.0000757148 -0.000000000010179896777359023816
0.0000757245 -0.000000000010107492975783801170
0.0000757343 -0.000000000010035085527673831490
0.0000757440 -0.000000000009962678133767902288
0.0000757537 -0.000000000009890274502239783153
0.0000757635 -0.000000000009817867538301712740
0.0000757732 -0.000000000009745460948391368474
0.0000757829 -0.000000000009673054839121875232
0.0000757926 -0.000000000009600652926245082076
0.0000758024 -0.000000000009528244489504088952
0.0000758121 -0.000000000009455836849934534414
0.0000758218 -0.000000000009383433728979358994
0.0000758315 -0.000000000009311028006157951135
0.0000758412 -0.000000000009238619782874546920
0.0000758509 -0.000000000009166216400686901641
0.0000758606 -0.000000000009093810728168865531
0.0000758703 -0.000000000009021402866827004349
0.0000758800 -0.000000000008949000169413014576
0.0000758897 -0.000000000008876591866024840459
0.0000758994 -0.000000000008804185311386404859
0.0000759091 -0.000000000008731784243884667674
0.0000759188 -0.000000000008659374243924989809
0.0000759285 -0.000000000008586969941774058863
0.0000759382 -0.000000000008514564176687519947
0.0000759479 -0.000000000008442157050369641449
0.0000759575 -0.000000000008369755945604160839
0.0000759672 -0.000000000008297346405866513056
0.0000759769 -0.000000000008224939454495112681
0.0000759866 -0.000000000008152538845023370492
0.0000759962 -0.000000000008080130098753683054
0.0000760059 -0.000000000008007724255836715409
0.0000760156 -0.000000000007935317772171752846
0.0000760252 -0.000000000007862914403286150862
0.0000760349 -0.000000000007790506946046005534
0.0000760446 -0.000000000007718102811392565111
0.0000760542 -0.000000000007645694788882298619
0.0000760639 -0.000000000007573293957871118900
0.0000760735 -0.000000000007500882117738048377
0.0000760832 -0.000000000007428481341851840655
0.0000760928 -0.000000000007356073416661219846
0.0000761025 -0.000000000007283669438419366298
0.0000761121 -0.000000000007211262174539620831
0.0000761217 -0.000000000007138859065960397002
0.0000761314 -0.000000000007066452872813267765
0.0000761410 -0.000000000006994043691897360053
0.0000761507 -0.000000000006921642653079949955
0.0000761603 -0.000000000006849235151947936462
0.0000761699 -0.000000000006776828642606240785
0.0000761795 -0.000000000006704426910881201254
0.0000761892 -0.000000000006632019009617122168
0.0000761988 -0.000000000006559612404238416437
0.0000762084 -0.000000000006487207197358944157
0.0000762180 -0.000000000006414803491719736368
0.0000762276 -0.000000000006342394004960178734
0.0000762372 -0.000000000006269993606275509198
0.0000762468 -0.000000000006197583928300227468
0.0000762564 -0.000000000006125179849667088351
0.0000762660 -0.000000000006052777778797611549
0.0000762756 -0.000000000005980366713047509164
0.0000762852 -0.000000000005907965257171646624
0.0000762948 -0.000000000005835558703005308202
0.0000763044 -0.000000000005763154557252825367
0.0000763140 -0.000000000005690745504317646102
0.0000763236 -0.000000000005618342769650125838
0.0000763332 -0.000000000005545939035854376622
0.0000763428 -0.000000000005473530685552378606
0.0000763524 -0.000000000005401125244298553941
0.0000763619 -0.000000000005328722815266969985
0.0000763715 -0.000000000005256312340245838950
0.0000763811 -0.000000000005183912517511845839
0.0000763907 -0.000000000005111504840418372108
0.0000764002 -0.000000000005039096847726359997
0.0000764098 -0.000000000004966696093116239294
0.0000764194 -0.000000000004894287766291865459
0.0000764289 -0.000000000004821883148995391417
0.0000764385 -0.000000000004749478611111203818
0.0000764480 -0.000000000004677070515146929770
0.0000764576 -0.000000000004604666428026777013
0.0000764671 -0.000000000004532262714157066391
0.0000764767 -0.000000000004459859471555461240
0.0000764862 -0.000000000004387449312450495439
0.0000764958 -0.000000000004315047302782516767
0.0000765053 -0.000000000004242638565324748043
0.0000765149 -0.000000000004170238181013415208
0.0000765244 -0.000000000004097827507367838564
0.0000765339 -0.000000000004025425386995739619
0.0000765435 -0.000000000003953020666983483742
0.0000765530 -0.000000000003880613440000267630
0.0000765625 -0.000000000003808207556600823928
0.0000765721 -0.000000000003735806874825173505
0.0000765816 -0.000000000003663396452273279218
0.0000765911 -0.000000000003590995187840724090
0.0000766006 -0.000000000003518588129832227563
0.0000766101 -0.000000000003446182899877710375
0.0000766197 -0.000000000003373775827423240349
0.0000766292 -0.000000000003301374547258833208
0.0000766387 -0.000000000003228967845100219970
0.0000766482 -0.000000000003156559582979622536
0.0000766577 -0.000000000003084157407066336362
0.0000766672 -0.000000000003011753864715453601
0.0000766767 -0.000000000002939345268716025703
0.0000766862 -0.000000000002866939270894539734
0.0000766957 -0.000000000002794539754066010928
0.0000767052 -0.000000000002722127892968765100
0.0000767147 -0.000000000002649726490770811740
0.0000767242 -0.000000000002577320498840493572
0.0000767337 -0.000000000002504917587902843435
0.0000767431 -0.000000000002432510270028259059
0.0000767526 -0.000000000002360106223510078453
0.0000767621 -0.000000000002287697952953226299
0.0000767716 -0.000000000002215296943278490203
0.0000767810 -0.000000000002142888095426494244
0.0000767905 -0.000000000002070486702810509416
0.0000768000 -0.000000000001998081456098245211
0.0000768095 -0.000000000001925672443179403513
0.0000768189 -0.000000000001853271177244576110
0.0000768284 -0.000000000001780862521879192740
0.0000768378 -0.000000000001708461808168667852
0.0000768473 -0.000000000001636053884730958680
0.0000768568 -0.000000000001563650281798042161
0.0000768662 -0.000000000001491243463035268852
0.0000768757 -0.000000000001418841155927492358
0.0000768851 -0.000000000001346431995124343916
0.0000768946 -0.000000000001274031356947831204
0.0000769040 -0.000000000001201624045158597298
0.0000769134 -0.000000000001129217796730802537
0.0000769229 -0.000000000001056816534624855451
0.0000769323 -0.000000000000984408865478718374
0.0000769418 -0.000000000000912006370483757228
0.0000769512 -0.000000000000839597645058816551
0.0000769606 -0.000000000000767194281731350487
0.0000769700 -0.000000000000694788703195481978
0.0000769795 -0.000000000000622384838220117759
0.0000769889 -0.000000000000549978938644670886
0.0000769983 -0.000000000000477574937061563152
0.0000770077 -0.000000000000405172927614069360
0.0000770172 -0.000000000000332761460808968404
0.0000770266 -0.000000000000260359862761706622
0.0000770360 -0.000000000000187956684039475413
0.0000770454 -0.000000000000115548159727852732
0.0000770548 -0.000000000000043145939068017515
0.0000770642 0.000000000000029257592564693992
0.0000770736 0.000000000000101666205644654663
0.0000770830 0.000000000000174068233902398556
0.0000770924 0.000000000000246475166111151032
0.0000771018 0.000000000000318879189474247817
0.0000771112 0.000000000000391284076231267030
0.0000771206 0.000000000000463689737531263798
0.0000771300 0.000000000000536092214019702498
0.0000771394 0.000000000000608499155858640273
0.0000771487 0.000000000000680906605517696088
0.0000771581 0.000000000000753306721767363803
0.0000771675 0.000000000000825714916371009004
0.0000771769 0.000000000000898115592011106101
0.0000771863 0.000000000000970524175460890230
0.0000771956 0.000000000001042928937944226758
0.0000772050 0.000000000001115329784690836411
0.0000772144 0.000000000001187738283232355466
0.0000772237 0.000000000001260142687727415151
0.0000772331 0.000000000001332546794541875367
0.0000772425 0.000000000001404950514444946865
0.0000772518 0.000000000001477357653167821173
0.0000772612 0.000000000001549760333344312907
0.0000772705 0.000000000001622166257522056767
0.0000772799 0.000000000001694571441376088116
0.0000772892 0.000000000001766975795531590938
0.0000772986 0.000000000001839379230596144770
0.0000773079 0.000000000001911785563452363714
0.0000773173 0.000000000001984190802116118956
0.0000773266 0.000000000002056594857099355758
0.0000773359 0.000000000002128997638886215933
0.0000773453 0.000000000002201402971813280623
0.0000773546 0.000000000002273810771978951039
0.0000773640 0.000000000002346213120148004644
0.0000773733 0.000000000002418617760121941737
0.0000773826 0.000000000002491020686467991631
0.0000773919 0.000000000002563429656159336195
0.0000774013 0.000000000002635832815183249604
0.0000774106 0.000000000002708233995246642909
0.0000774199 0.000000000002780640964549070876
0.0000774292 0.000000000002853045782894223046
0.0000774385 0.000000000002925452293214702397
0.0000774478 0.000000000002997856476687063835
0.0000774571 0.000000000003070258243421740040
0.0000774665 0.000000000003142665380410283175
0.0000774758 0.000000000003215069928396825979
0.0000774851 0.000000000003287471797398885888
0.0000774944 0.000000000003359878785698021492
0.0000775037 0.000000000003432282922586882785
0.0000775130 0.000000000003504688065925760606
0.0000775223 0.000000000003577090181523686884
0.0000775315 0.000000000003649497082672508599
0.0000775408 0.000000000003721900783411886180
0.0000775501 0.000000000003794305149076300418
0.0000775594 0.000000000003866710095161775610
0.0000775687 0.000000000003939115537140282386
0.0000775780 0.000000000004011521390455281108
0.0000775873 0.000000000004083923607441164409
0.0000775965 0.000000000004156330027749251427
0.0000776058 0.000000000004228732638684786184
0.0000776151 0.000000000004301135318665823378
0.0000776243 0.000000000004373541953654813806
0.0000776336 0.000000000004445948492050084663
0.0000776429 0.000000000004518350874688709204
0.0000776521 0.000000000004590756963767958002
0.0000776614 0.000000000004663158723730549345
0.0000776707 0.000000000004735564024290709154
0.0000776799 0.000000000004807968804280248779
0.0000776892 0.000000000004880372978811733722
0.0000776984 0.000000000004952780448803600054
0.0000777077 0.000000000005025179171844844891
0.0000777169 0.000000000005097588999694355673
0.0000777262 0.000000000005169989906860165672
0.0000777354 0.000000000005242397770591122373
0.0000777446 0.000000000005314800531313689712
0.0000777539 0.000000000005387202095453919465
0.0000777631 0.000000000005459610376168994636
0.0000777724 0.000000000005532013296677288846
0.0000777816 0.000000000005604418771978844955
0.0000777908 0.000000000005676822717763540866
0.0000778000 0.000000000005749225048866303431
0.0000778093 0.000000000005821633697238682313
0.0000778185 0.000000000005894032547038170700
0.0000778277 0.000000000005966441563608861726
0.0000778369 0.000000000006038844621506213244
0.0000778462 0.000000000006111245645914117685
0.0000778554 0.000000000006183656605822994451
0.0000778646 0.000000000006256057332883127337
0.0000778738 0.000000000006328459796027247168
0.0000778830 0.000000000006400863915520992933
0.0000778922 0.000000000006473273637352490858
0.0000779014 0.000000000006545672776893547187
0.0000779106 0.000000000006618077355402991586
0.0000779198 0.000000000006690483267264900256
0.0000779290 0.000000000006762890432665637749
0.0000779382 0.000000000006835290701204258295
0.0000779474 0.000000000006907696093030084788
0.0000779566 0.000000000006980102494822250782
0.0000779658 0.000000000007052501744742915705
0.0000779750 0.000000000007124909922833513140
0.0000779841 0.000000000007197314826192665311
0.0000779933 0.000000000007269716369093952816
0.0000780025 0.000000000007342122562886801535
0.0000780117 0.000000000007414525232265824428
0.0000780209 0.000000000007486928343766063722
0.0000780300 0.000000000007559335871596713620
0.0000780392 0.000000000007631739628861192401
0.0000780484 0.000000000007704143587777811091
0.0000780575 0.000000000007776543608150105118
0.0000780667 0.000000000007848951789765943567
0.0000780759 0.000000000007921355872293566945
0.0000780850 0.000000000007993759835527612837
0.0000780942 0.000000000008066163599118462647
0.0000781033 0.000000000008138571152251486655
0.0000781125 0.000000000008210970205997318959
0.0000781217 0.000000000008283376961917317552
0.0000781308 0.000000000008355779125271209890
0.0000781399 0.000000000008428184764223177626
0.0000781491 0.000000000008500589724985265920
0.0000781582 0.000000000008572993927051048905
0.0000781674 0.000000000008645397289946866437
0.0000781765 0.000000000008717799733107110461
0.0000781857 0.000000000008790205262692057419
0.0000781948 0.000000000008862609715245959504
0.0000782039 0.000000000008935017100680037350
0.0000782131 0.000000000009007415066763064291
0.0000782222 0.000000000009079823993154722846
0.0000782313 0.000000000009152223335002718972
0.0000782404 0.000000000009224633491113155246
0.0000782496 0.000000000009297033897435589698
0.0000782587 0.000000000009369436767729075414
0.0000782678 0.000000000009441842027033159501
0.0000782769 0.000000000009514245494412192613
0.0000782860 0.000000000009586651196765893478
0.0000782951 0.000000000009659054949321546456
0.0000783042 0.000000000009731460782791067837
0.0000783133 0.000000000009803860395072118372
0.0000783225 0.000000000009876266045611277366
0.0000783316 0.000000000009948673547690993463
0.0000783407 0.000000000010021074587606287916
0.0000783498 0.000000000010093477320905713647
0.0000783589 0.000000000010165881672280797676
0.0000783679 0.000000000010238287566468615270
0.0000783770 0.000000000010310690801224422005
0.0000783861 0.000000000010383095424263731544
0.0000783952 0.000000000010455497229490940899
0.0000784043 0.000000000010527904401013178432
0.0000784134 0.000000000010600304465555164258
0.0000784225 0.000000000010672713881971637221
0.0000784316 0.000000000010745111894419922719
0.0000784406 0.000000000010817519111661125796
0.0000784497 0.000000000010889923043010238049
0.0000784588 0.000000000010962327751291695553
0.0000784678 0.000000000011034729014967039127
0.0000784769 0.000000000011107135048542231331
0.0000784860 0.000000000011179537482456185844
0.0000784951 0.000000000011251940387092675786
0.0000785041 0.000000000011324347840501461073
0.0000785132 0.000000000011396751461516457127
0.0000785222 0.000000000011469151168702033142
0.0000785313 0.000000000011541559358913121492
0.0000785403 0.000000000011613959322423866683
0.0000785494 0.000000000011686367625131843074
0.0000785584 0.000000000011758767541905205060
0.0000785675 0.000000000011831175653929469390
0.0000785765 0.000000000011903575220677112643
0.0000785856 0.000000000011975982838669106756
0.0000785946 0.000000000012048381751919399307
0.0000786037 0.000000000012120788572318312442
0.0000786127 0.000000000012193194881916086642
0.0000786217 0.000000000012265596426171040680
0.0000786308 0.000000000012337997303858920535
0.0000786398 0.000000000012410405803986490964
0.0000786488 0.000000000012482809308819084450
0.0000786579 0.000000000012555211922862963616
0.0000786669 0.000000000012627613570088368527
0.0000786759 0.000000000012700018364530184865
0.0000786849 0.000000000012772422043767314231
0.0000786940 0.000000000012844828725632448218
0.0000787030 0.000000000012917229947925037883
0.0000787120 0.000000000012989634024372158360
0.0000787210 0.000000000013062036684726781327
0.0000787300 0.000000000013134442054517772420
0.0000787390 0.000000000013206845859641565966
0.0000787480 0.000000000013279248023742660890
0.0000787570 0.000000000013351652678060855327
0.0000787660 0.000000000013424059752049018376
0.0000787750 0.000000000013496460752461691984
0.0000787840 0.000000000013568864023662616065
0.0000787930 0.000000000013641265279855253122
0.0000788020 0.000000000013713672878862762322
0.0000788110 0.000000000013786074098687734894
0.0000788200 0.000000000013858481519982735395
0.0000788290 0.000000000013930882409173372692
0.0000788380 0.000000000014003285133566058476
0.0000788470 0.000000000014075689622441656745
0.0000788560 0.000000000014148091576399413749
0.0000788649 0.000000000014220499379983299803
0.0000788739 0.000000000014292900270684431907
0.0000788829 0.000000000014365306869358559277
0.0000788919 0.000000000014437706401912010036
0.0000789008 0.000000000014510111500696969049
0.0000789098 0.000000000014582517860475406309
0.0000789188 0.000000000014654916925928125489
0.0000789277 0.000000000014727321346896693262
0.0000789367 0.000000000014799726812065318370
0.0000789457 0.000000000014872133250559621430
0.0000789546 0.000000000014944532091564348638
0.0000789636 0.000000000015016936007932767634
0.0000789725 0.000000000015089340680603771802
0.0000789815 0.000000000015161746038560251098
0.0000789904 0.000000000015234147753148398431
0.0000789994 0.000000000015306550006901140832
0.0000790083 0.000000000015378956990172666211
0.0000790173 0.000000000015451355847500707440
0.0000790262 0.000000000015523763557278547712
0.0000790352 0.000000000015596167258269275109
0.0000790441 0.000000000015668566873384548537
0.0000790530 0.000000000015740975138897547353
0.0000790620 0.000000000015813374903053144340
0.0000790709 0.000000000015885778907854066144
0.0000790798 0.000000000015958182810855501704
0.0000790888 0.000000000016030586540760114155
0.0000790977 0.000000000016102990026218402554
0.0000791066 0.000000000016175393195889803386
0.0000791156 0.000000000016247800262898676868
0.0000791245 0.000000000016320198302142087289
0.0000791334 0.000000000016392604384387320115
0.0000791423 0.000000000016465009869005992266
0.0000791512 0.000000000016537410392164243810
0.0000791601 0.000000000016609814465142202725
0.0000791691 0.000000000016682217725995076341
0.0000791780 0.000000000016754620103164833421
0.0000791869 0.000000000016827025825213240998
0.0000791958 0.000000000016899430524318449539
0.0000792047 0.000000000016971829824975116213
0.0000792136 0.000000000017044236567387883867
0.0000792225 0.000000000017116637768005128081
0.0000792314 0.000000000017189041968965734759
0.0000792403 0.000000000017261444792632454907
0.0000792492 0.000000000017333850480926261554
0.0000792581 0.000000000017406250336903811457
0.0000792669 0.000000000017478657235383876289
0.0000792758 0.000000000017551058157912368967
0.0000792847 0.000000000017623461669749605428
0.0000792936 0.000000000017695867704826770216
0.0000793025 0.000000000017768267546605299615
0.0000793114 0.000000000017840674098964057759
0.0000793202 0.000000000017913074314395114195
0.0000793291 0.000000000017985481108265459743
0.0000793380 0.000000000018057881421377017789
0.0000793469 0.000000000018130283845784035274
0.0000793557 0.000000000018202692652248979053
0.0000793646 0.000000000018275090425169002608
0.0000793735 0.000000000018347494443962715218
0.0000793823 0.000000000018419900305488550231
0.0000793912 0.000000000018492303598982914321
0.0000794000 0.000000000018564704252322485546
0.0000794089 0.000000000018637110890422873034
0.0000794178 0.000000000018709510401612027332
0.0000794266 0.000000000018781915764949584699
0.0000794355 0.000000000018854318211366084982
0.0000794443 0.000000000018926722025009877611
0.0000794532 0.000000000018999127139395303034
0.0000794620 0.000000000019071529128167631530
0.0000794709 0.000000000019143932281046396742
0.0000794797 0.000000000019216332167678038761
0.0000794885 0.000000000019288737447672855183
0.0000794974 0.000000000019361143692501426146
0.0000795062 0.000000000019433546465884741585
0.0000795150 0.000000000019505945695470919214
0.0000795239 0.000000000019578350056418263307
0.0000795327 0.000000000019650755112243224007
0.0000795415 0.000000000019723156418887991230
0.0000795504 0.000000000019795562663011907708
0.0000795592 0.000000000019867965020809663529
0.0000795680 0.000000000019940367803413444934
0.0000795768 0.000000000020012766558621764699
0.0000795856 0.000000000020085174376110566543
0.0000795945 0.000000000020157578032978439628
0.0000796033 0.000000000020229977456649655608
0.0000796121 0.000000000020302385754141492448
0.0000796209 0.000000000020374785289901668794
0.0000796297 0.000000000020447189176791958929
0.0000796385 0.000000000020519592954691157640
0.0000796473 0.000000000020591992156064770127
0.0000796561 0.000000000020664399916768110827
0.0000796649 0.000000000020736802967242843552
0.0000796737 0.000000000020809205641561793910
0.0000796825 0.000000000020881607872880079780
0.0000796913 0.000000000020954009594207480821
0.0000797001 0.000000000021026415151406091538
0.0000797089 0.000000000021098815654162237004
0.0000797177 0.000000000021171219862772926642
0.0000797265 0.000000000021243623297630298993
0.0000797353 0.000000000021316025891703252900
0.0000797440 0.000000000021388432000442398968
0.0000797528 0.000000000021460832714078635323
0.0000797616 0.000000000021533232385789050500
0.0000797704 0.000000000021605639805124872105
0.0000797792 0.000000000021678041626195343151
0.0000797879 0.000000000021750442208111180435
0.0000797967 0.000000000021822850351867015562
0.0000798055 0.000000000021895248258051151081
0.0000798142 0.000000000021967653599593546208
0.0000798230 0.000000000022040057441250262646
0.0000798318 0.000000000022112459715791330155
0.0000798405 0.000000000022184864799796049884
0.0000798493 0.000000000022257263740422690986
0.0000798580 0.000000000022329669807722363112
0.0000798668 0.000000000022402069597013927118
0.0000798756 0.000000000022474476390096780568
0.0000798843 0.000000000022546876770720148029
0.0000798931 0.000000000022619279576645420850
0.0000799018 0.000000000022691684746378829071
0.0000799106 0.000000000022764087759085170342
0.0000799193 0.000000000022836488547342923950
0.0000799280 0.000000000022908891506992336843
0.0000799368 0.000000000038985948657532253268
0.0000837490 0.000000000074500825760484089056
0.0000877430 0.000000000115341391564376266182
0.0000919275 0.000000000162306164273350326802
0.0000963116 0.000000000216313349816455558366
0.0001009048 0.000000000278418771765210103505
0.0001057171 0.000000000349836484256463694485
0.0001107590 0.000000000431962469490445024463
0.0001160414 0.000000000526401879853940750373
0.0001215757 0.000000000635000354155354098188
0.0001273741 0.000000000759880015673770280433
0.0001334491 0.000000000903480850401852849794
0.0001398139 0.000000001068608267118959953900
0.0001464824 0.000000001258487760523076359553
0.0001534690 0.000000001476827734022495129335
0.0001607890 0.000000001727891696727441100717
0.0001684583 0.000000002016581226704636907835
0.0001764935 0.000000002348531300045119348453
0.0001849122 0.000000002730219819295573127055
0.0001937326 0.000000003169093444887081373024
0.0002029741 0.000000003673712143069820843488
0.0002126566 0.000000004253915214643435952917
0.0002228013 0.000000004921011976091365511994
0.0002334304 0.000000005688000723467747204766
0.0002445669 0.000000006569820138842585071876
0.0002562351 0.000000007583637900813511284395
0.0002684606 0.000000008749181946572087828678
0.0002812701 0.000000010089120618372950905450
0.0002946914 0.000000011629498814133695610667
0.0003087539 0.000000013400238281078226028387
0.0003234884 0.000000015435711338660925297780
0.0003389272 0.000000017775398625516596244294
0.0003551040 0.000000020464642946175569599060
0.0003720543 0.000000023555512967046172834930
0.0003898153 0.000000027107792400809720756393
0.0004084261 0.000000031190112451196272221504
0.0004279275 0.000000035881247680719892334909
0.0004483625 0.000000041271598152409051732545
0.0004697762 0.000000047464883691939991322907
0.0004922158 0.000000054580079463728348748097
0.0005157309 0.000000062753625757186597725431
0.0005403738 0.000000072141948978501971623164
0.0005661990 0.000000082924335337097718324685
0.0005932642 0.000000095306203631529264838684
0.0006216295 0.000000109522828853462978351950
0.0006513585 0.000000125843574048375151743344
0.0006825178 0.000000144576693932192246385226
0.0007151776 0.000000166074780122612101275446
0.0007494114 0.000000190740924386079142099860
0.0007852969 0.000000219035682871154316049642
0.0008229157 0.000000251484930708952510664607
0.0008623537 0.000000288688702291555069487307
0.0009037014 0.000000331331117635333332733892
0.0009470542 0.000000380191498976120450244105
0.0009925127 0.000000436156783480335853532615
0.0010401829 0.000000500235336884275457543150
0.0010901769 0.000000573572267914071143134072
0.0011426130 0.000000657466333248451395840698
0.0011976161 0.000000753388505958017531884564
0.0012553186 0.000000863002254866474532894272
0.0013158606 0.000000988185545882768733784072
0.0013793903 0.000001131054526301526219576594
0.0014460651 0.000001293988786283166924576810
0.0015160519 0.000001479658004629752600036932
0.0015895283 0.000001691049674610999567134478
0.0016666829 0.000001931497465739194291031722
0.0017477166 0.000002204709604532704889893070
0.0018328437 0.000002514796447160557181488803
0.0019222928 0.000002866296165357342814284736
0.0020163082 0.000003264197171185228769273385
0.0021151512 0.000003713955564552281251645451
0.0022191018 0.000004221505500946377407078727
0.0023284604 0.000004793259950180185195191523
0.0024435497 0.000005436098859691921438106344
0.0025647166 0.000006157341264223431281010692
0.0026923351 0.000006964697422122224909949405
0.0028268082 0.000007866196641880859372997041
0.0029685712 0.000008870086137854788383436469
0.0031180950 0.000009984696082071824437876618
0.0032758892 0.000011218266074847438873982909
0.0034425061 0.000012578728630193014497253880
0.0036185452 0.000014073446064574824540213162
0.0038046575 0.000015708898499450052552595808
0.0040015511 0.000017490322649431434072660185
0.0042099960 0.000019421303768094190901963292
0.0044308310 0.000021503326633852998559870776
0.0046649698 0.000023735295801531739232461196
0.0049134083 0.000026113040467931325483690735
0.0051772323 0.000028628825042156803815877192
0.0054576258 0.000031270892574833946558638537
0.0057558795 0.000034023074117675805669996913
0.0060734006 0.000036864502200539256263935040
